PBV: 1   Sigma: 5
4 2 0   	4 2 0
0 0 2   	0 0 -2
2 -4 0   	-2 4 0

PBV: 2   Sigma: 5
2 0 0   	2 0 0
0 4 2   	0 4 -2
0 -2 4   	0 2 4

PBV: 3   Sigma: 3
4 2 2   	4 2 2
1 -1 -1   	-1 1 1
0 2 -2   	0 -2 2

PBV: 4   Sigma: 3
2 2 0   	2 2 0
1 -1 1   	1 -1 -1
2 -2 -4   	-2 2 -4

PBV: 5   Sigma: 3
1 1 1   	1 1 1
2 -2 0   	-2 2 0
2 2 -4   	-2 -2 4

PBV: 6   Sigma: 3
4 4 2   	2 0 0
4 -2 -4   	0 6 0
-2 4 -4   	0 0 6

PBV: 7   Sigma: 9
4 4 2   	4 4 2
4 -2 -4   	-4 2 4
-2 4 -4   	2 -4 4

PBV: 8   Sigma: 9
4 4 2   	4 4 2
4 -2 -4   	2 -4 4
-2 4 -4   	4 -2 -4

PBV: 9   Sigma: 5
6 2 0   	6 2 0
0 0 2   	0 0 -2
2 -6 0   	-2 6 0

PBV: 10   Sigma: 13
6 4 0   	6 4 0
0 0 2   	0 0 -2
4 -6 0   	-4 6 0

PBV: 11   Sigma: 13
2 0 0   	2 0 0
0 6 4   	0 6 -4
0 -4 6   	0 4 6

PBV: 12   Sigma: 7
6 4 2   	6 4 2
2 0 -6   	-2 0 6
-3 5 -1   	3 -5 1

PBV: 13   Sigma: 35
6 4 2   	6 4 -2
2 0 -6   	2 0 6
-3 5 -1   	3 -5 -1

PBV: 14   Sigma: 5
6 4 2   	6 4 -2
2 0 -6   	-2 0 -6
-3 5 -1   	-3 5 1

PBV: 15   Sigma: 7
6 2 0   	6 2 0
1 -3 5   	1 -3 -5
2 -6 -4   	-2 6 -4

PBV: 16   Sigma: 35
6 2 0   	6 2 0
1 -3 5   	-1 3 5
2 -6 -4   	2 -6 4

PBV: 17   Sigma: 35
5 3 1   	5 3 1
0 2 -6   	0 -2 6
-4 6 2   	4 -6 -2

PBV: 18   Sigma: 7
5 3 1   	5 3 -1
0 2 -6   	0 2 6
-4 6 2   	4 -6 2

PBV: 19   Sigma: 5
5 3 1   	5 3 -1
0 2 -6   	0 -2 -6
-4 6 2   	-4 6 -2

PBV: 20   Sigma: 17
8 2 0   	8 2 0
0 0 2   	0 0 -2
2 -8 0   	-2 8 0

PBV: 21   Sigma: 17
2 0 0   	2 0 0
0 8 2   	0 8 -2
0 -2 8   	0 2 8

PBV: 22   Sigma: 3
8 2 2   	2 2 0
0 2 -2   	2 -2 0
-2 4 4   	0 0 -6

PBV: 23   Sigma: 9
8 2 2   	8 2 2
0 2 -2   	0 -2 2
-2 4 4   	2 -4 -4

PBV: 24   Sigma: 9
8 2 2   	2 2 0
2 -4 -4   	4 -4 2
0 6 -6   	2 -2 -8

PBV: 25   Sigma: 9
2 2 0   	2 2 0
4 -4 2   	4 -4 -2
2 -2 -8   	-2 2 -8

PBV: 26   Sigma: 21
8 4 2   	8 4 2
2 -2 -4   	-2 2 4
-2 6 -4   	2 -6 4

PBV: 27   Sigma: 7
8 4 2   	8 4 -2
2 -2 -4   	2 -2 4
-2 6 -4   	2 -6 -4

PBV: 28   Sigma: 3
8 4 2   	8 4 -2
2 -2 -4   	-2 2 -4
-2 6 -4   	-2 6 4

PBV: 29   Sigma: 21
6 4 2   	6 4 -2
2 -4 2   	2 -4 -2
4 -2 -8   	-4 2 -8

PBV: 30   Sigma: 3
6 4 2   	6 4 -2
2 -4 2   	-2 4 2
4 -2 -8   	4 -2 8

PBV: 31   Sigma: 21
4 2 2   	4 2 2
4 -6 -2   	4 -2 -6
2 4 -8   	-2 8 -4

PBV: 32   Sigma: 7
4 2 2   	4 2 2
4 -6 -2   	-4 2 6
2 4 -8   	2 -8 4

PBV: 33   Sigma: 11
6 6 4   	6 6 4
2 -2 0   	-2 2 0
1 1 -3   	-1 -1 3

PBV: 34   Sigma: 11
3 1 1   	3 1 1
0 2 -2   	0 -2 2
-4 6 6   	4 -6 -6

PBV: 35   Sigma: 11
2 2 0   	2 2 0
1 -1 3   	1 -1 -3
6 -6 -4   	-6 6 -4

PBV: 36   Sigma: 5
8 6 0   	2 0 0
0 0 2   	0 2 0
6 -8 0   	0 0 10

PBV: 37   Sigma: 25
8 6 0   	8 6 0
0 0 2   	0 0 -2
6 -8 0   	-6 8 0

PBV: 38   Sigma: 25
8 6 0   	8 6 0
0 0 10   	6 -8 0
6 -8 0   	0 0 -10

PBV: 39   Sigma: 25
8 6 0   	2 0 0
0 0 10   	0 8 6
6 -8 0   	0 -6 8

PBV: 40   Sigma: 25
2 0 0   	2 0 0
0 8 6   	0 8 -6
0 -6 8   	0 6 8

PBV: 41   Sigma: 13
10 2 0   	10 2 0
0 0 2   	0 0 -2
2 -10 0   	-2 10 0

PBV: 42   Sigma: 13
8 6 2   	8 6 2
4 -6 2   	-4 6 -2
3 -1 -9   	-3 1 9

PBV: 43   Sigma: 91
8 6 2   	8 6 -2
4 -6 2   	4 -6 -2
3 -1 -9   	-3 1 -9

PBV: 44   Sigma: 7
8 6 2   	8 6 -2
4 -6 2   	-4 6 2
3 -1 -9   	3 -1 9

PBV: 45   Sigma: 91
9 3 1   	9 3 1
2 -4 -6   	-2 4 6
-2 8 -6   	2 -8 6

PBV: 46   Sigma: 13
9 3 1   	9 3 -1
2 -4 -6   	2 -4 6
-2 8 -6   	2 -8 -6

PBV: 47   Sigma: 7
9 3 1   	9 3 -1
2 -4 -6   	-2 4 -6
-2 8 -6   	-2 8 6

PBV: 48   Sigma: 13
6 4 2   	6 4 -2
1 3 -9   	1 3 9
-6 8 2   	6 -8 2

PBV: 49   Sigma: 91
6 4 2   	6 4 -2
1 3 -9   	-1 -3 -9
-6 8 2   	-6 8 -2

PBV: 50   Sigma: 29
10 4 0   	10 4 0
0 0 2   	0 0 -2
4 -10 0   	-4 10 0

PBV: 51   Sigma: 29
2 0 0   	2 0 0
0 10 4   	0 10 -4
0 -4 10   	0 4 10

PBV: 52   Sigma: 15
10 4 2   	10 4 2
0 2 -4   	0 -2 4
-2 4 2   	2 -4 -2

PBV: 53   Sigma: 3
10 4 2   	10 4 -2
0 2 -4   	0 2 4
-2 4 2   	2 -4 2

PBV: 54   Sigma: 5
10 4 2   	10 4 -2
0 2 -4   	0 -2 -4
-2 4 2   	-2 4 -2

PBV: 55   Sigma: 15
4 2 2   	4 2 2
2 -4 0   	2 0 -4
4 2 -10   	-4 10 -2

PBV: 56   Sigma: 5
4 2 2   	4 2 2
2 -4 0   	-2 0 4
4 2 -10   	4 -10 2

PBV: 57   Sigma: 15
4 2 0   	4 2 0
2 -4 2   	2 -4 -2
2 -4 -10   	-2 4 -10

PBV: 58   Sigma: 3
4 2 0   	4 2 0
2 -4 2   	-2 4 2
2 -4 -10   	2 -4 10

PBV: 59   Sigma: 17
10 6 0   	10 6 0
0 0 2   	0 0 -2
6 -10 0   	-6 10 0

PBV: 60   Sigma: 17
8 6 6   	8 6 6
0 2 -2   	0 -2 2
-6 4 4   	6 -4 -4

PBV: 61   Sigma: 17
6 4 4   	6 4 4
0 2 -2   	0 -2 2
-8 6 6   	8 -6 -6

PBV: 62   Sigma: 17
2 2 0   	2 2 0
4 -4 6   	4 -4 -6
6 -6 -8   	-6 6 -8

PBV: 63   Sigma: 37
12 2 0   	12 2 0
0 0 2   	0 0 -2
2 -12 0   	-2 12 0

PBV: 64   Sigma: 37
2 0 0   	2 0 0
0 12 2   	0 12 -2
0 -2 12   	0 2 12

PBV: 65   Sigma: 19
12 2 2   	12 2 2
0 2 -2   	0 -2 2
-1 3 3   	1 -3 -3

PBV: 66   Sigma: 19
3 3 1   	3 3 1
2 -2 0   	-2 2 0
2 2 -12   	-2 -2 12

PBV: 67   Sigma: 19
2 2 0   	2 2 0
3 -3 1   	3 -3 -1
2 -2 -12   	-2 2 -12

PBV: 68   Sigma: 41
10 8 0   	10 8 0
0 0 2   	0 0 -2
8 -10 0   	-8 10 0

PBV: 69   Sigma: 41
2 0 0   	2 0 0
0 10 8   	0 10 -8
0 -8 10   	0 8 10

PBV: 70   Sigma: 21
10 8 2   	10 8 2
1 -1 -1   	-1 1 1
-2 4 -6   	2 -4 6

PBV: 71   Sigma: 7
10 8 2   	10 8 -2
1 -1 -1   	1 -1 1
-2 4 -6   	2 -4 -6

PBV: 72   Sigma: 3
10 8 2   	10 8 -2
1 -1 -1   	-1 1 -1
-2 4 -6   	-2 4 6

PBV: 73   Sigma: 21
6 4 2   	6 4 -2
1 -1 -1   	1 -1 1
-2 8 -10   	2 -8 -10

PBV: 74   Sigma: 3
6 4 2   	6 4 -2
1 -1 -1   	-1 1 -1
-2 8 -10   	-2 8 10

PBV: 75   Sigma: 21
1 1 1   	1 1 1
6 -4 -2   	6 -2 -4
2 8 -10   	-2 10 -8

PBV: 76   Sigma: 7
1 1 1   	1 1 1
6 -4 -2   	-6 2 4
2 8 -10   	2 -10 8

PBV: 77   Sigma: 3
11 7 1   	3 3 1
2 -2 -8   	6 -6 0
-6 10 -4   	2 2 -12

PBV: 78   Sigma: 57
11 7 1   	3 3 1
2 -2 -8   	-6 6 0
-6 10 -4   	-2 -2 12

PBV: 79   Sigma: 171
11 7 1   	11 7 1
2 -2 -8   	-2 2 8
-6 10 -4   	6 -10 4

PBV: 80   Sigma: 19
11 7 1   	11 7 -1
2 -2 -8   	2 -2 8
-6 10 -4   	6 -10 -4

PBV: 81   Sigma: 9
11 7 1   	11 7 -1
2 -2 -8   	-2 2 -8
-6 10 -4   	-6 10 4

PBV: 82   Sigma: 19
10 6 4   	10 6 4
2 2 -8   	-2 -2 8
-7 11 1   	7 -11 -1

PBV: 83   Sigma: 171
10 6 4   	10 6 -4
2 2 -8   	2 2 8
-7 11 1   	7 -11 1

PBV: 84   Sigma: 9
10 6 4   	10 6 -4
2 2 -8   	-2 -2 -8
-7 11 1   	-7 11 -1

PBV: 85   Sigma: 57
12 2 2   	10 6 4
0 6 -6   	2 2 -8
-3 9 9   	-7 11 1

PBV: 86   Sigma: 3
12 2 2   	10 6 4
0 6 -6   	-2 -2 8
-3 9 9   	7 -11 -1

PBV: 87   Sigma: 19
8 2 2   	8 2 2
1 -11 7   	1 7 -11
4 -6 -10   	-4 10 6

PBV: 88   Sigma: 171
8 2 2   	8 2 2
1 -11 7   	-1 -7 11
4 -6 -10   	4 -10 -6

PBV: 89   Sigma: 57
8 2 2   	2 2 0
1 -11 7   	9 -9 3
4 -6 -10   	2 -2 -12

PBV: 90   Sigma: 15
10 8 4   	4 2 0
0 2 -4   	2 -4 0
-4 4 2   	0 0 -6

PBV: 91   Sigma: 3
10 8 4   	4 2 0
0 2 -4   	-2 4 0
-4 4 2   	0 0 6

PBV: 92   Sigma: 45
10 8 4   	10 8 4
0 2 -4   	0 -2 4
-4 4 2   	4 -4 -2

PBV: 93   Sigma: 9
10 8 4   	10 8 -4
0 2 -4   	0 2 4
-4 4 2   	4 -4 2

PBV: 94   Sigma: 5
10 8 4   	10 8 -4
0 2 -4   	0 -2 -4
-4 4 2   	-4 4 -2

PBV: 95   Sigma: 15
4 4 2   	2 0 0
2 0 -4   	0 4 -2
-8 10 -4   	0 6 12

PBV: 96   Sigma: 45
4 4 2   	4 4 2
2 0 -4   	0 2 -4
-8 10 -4   	-10 8 4

PBV: 97   Sigma: 5
4 4 2   	4 4 2
2 0 -4   	0 -2 4
-8 10 -4   	10 -8 -4

PBV: 98   Sigma: 9
10 8 4   	4 2 0
4 -4 -2   	2 -4 4
0 6 -12   	4 -8 -10

PBV: 99   Sigma: 45
10 8 4   	4 2 0
4 -4 -2   	2 -4 -4
0 6 -12   	-4 8 -10

PBV: 100   Sigma: 9
10 8 4   	4 2 0
4 -4 -2   	-2 4 4
0 6 -12   	4 -8 10

PBV: 101   Sigma: 45
10 8 4   	4 2 0
4 -4 -2   	-2 4 -4
0 6 -12   	-4 8 10

PBV: 102   Sigma: 45
4 2 0   	4 2 0
2 -4 4   	2 -4 -4
4 -8 -10   	-4 8 -10

PBV: 103   Sigma: 9
4 2 0   	4 2 0
2 -4 4   	-2 4 4
4 -8 -10   	4 -8 10

PBV: 104   Sigma: 45
4 4 2   	4 4 2
6 0 -12   	10 -8 -4
-8 10 -4   	0 6 -12

PBV: 105   Sigma: 45
4 4 2   	4 4 2
6 0 -12   	-10 8 4
-8 10 -4   	0 -6 12

PBV: 106   Sigma: 23
12 6 2   	12 6 2
0 2 -6   	0 -2 6
-5 9 3   	5 -9 -3

PBV: 107   Sigma: 115
12 6 2   	12 6 -2
0 2 -6   	0 2 6
-5 9 3   	5 -9 3

PBV: 108   Sigma: 5
12 6 2   	12 6 -2
0 2 -6   	0 -2 -6
-5 9 3   	-5 9 -3

PBV: 109   Sigma: 115
9 5 3   	9 5 3
2 0 -6   	-2 0 6
-6 12 -2   	6 -12 2

PBV: 110   Sigma: 23
9 5 3   	9 5 -3
2 0 -6   	2 0 6
-6 12 -2   	6 -12 -2

PBV: 111   Sigma: 5
9 5 3   	9 5 -3
2 0 -6   	-2 0 -6
-6 12 -2   	-6 12 2

PBV: 112   Sigma: 23
6 2 0   	6 2 0
3 -9 5   	3 -9 -5
2 -6 -12   	-2 6 -12

PBV: 113   Sigma: 115
6 2 0   	6 2 0
3 -9 5   	-3 9 5
2 -6 -12   	2 -6 12

PBV: 114   Sigma: 195
13 5 1   	13 5 1
0 2 -10   	0 -2 10
-4 10 2   	4 -10 -2

PBV: 115   Sigma: 15
13 5 1   	13 5 -1
0 2 -10   	0 2 10
-4 10 2   	4 -10 2

PBV: 116   Sigma: 13
13 5 1   	13 5 -1
0 2 -10   	0 -2 -10
-4 10 2   	-4 10 -2

PBV: 117   Sigma: 39
13 5 1   	11 7 5
0 2 -10   	6 -8 -2
-4 10 2   	2 4 -10

PBV: 118   Sigma: 5
13 5 1   	11 7 5
0 2 -10   	-6 8 2
-4 10 2   	-2 -4 10

PBV: 119   Sigma: 65
13 5 1   	11 7 -5
0 2 -10   	6 -8 2
-4 10 2   	-2 -4 -10

PBV: 120   Sigma: 3
13 5 1   	11 7 -5
0 2 -10   	-6 8 -2
-4 10 2   	2 4 10

PBV: 121   Sigma: 195
11 7 5   	11 7 5
6 -8 -2   	-6 8 2
2 4 -10   	-2 -4 10

PBV: 122   Sigma: 15
11 7 5   	11 7 -5
6 -8 -2   	6 -8 2
2 4 -10   	-2 -4 -10

PBV: 123   Sigma: 13
11 7 5   	11 7 -5
6 -8 -2   	-6 8 -2
2 4 -10   	2 4 10

PBV: 124   Sigma: 195
10 4 2   	10 4 -2
2 0 -10   	2 0 10
-5 13 -1   	5 -13 -1

PBV: 125   Sigma: 13
10 4 2   	10 4 -2
2 0 -10   	-2 0 -10
-5 13 -1   	-5 13 1

PBV: 126   Sigma: 39
10 4 2   	10 4 2
2 0 -10   	2 -8 6
-5 13 -1   	5 -7 -11

PBV: 127   Sigma: 65
10 4 2   	10 4 2
2 0 -10   	-2 8 -6
-5 13 -1   	-5 7 11

PBV: 128   Sigma: 195
10 4 2   	10 4 -2
2 -8 6   	2 -8 -6
5 -7 -11   	-5 7 -11

PBV: 129   Sigma: 13
10 4 2   	10 4 -2
2 -8 6   	-2 8 6
5 -7 -11   	5 -7 11

PBV: 130   Sigma: 195
10 2 0   	10 2 0
2 -10 4   	2 -10 -4
1 -5 -13   	-1 5 -13

PBV: 131   Sigma: 15
10 2 0   	10 2 0
2 -10 4   	-2 10 4
1 -5 -13   	1 -5 13

PBV: 132   Sigma: 5
10 2 0   	8 6 2
2 -10 4   	4 -2 -10
1 -5 -13   	-7 11 -5

PBV: 133   Sigma: 65
10 2 0   	8 6 2
2 -10 4   	-4 2 10
1 -5 -13   	7 -11 5

PBV: 134   Sigma: 39
10 2 0   	8 6 -2
2 -10 4   	4 -2 10
1 -5 -13   	7 -11 -5

PBV: 135   Sigma: 3
10 2 0   	8 6 -2
2 -10 4   	-4 2 -10
1 -5 -13   	-7 11 5

PBV: 136   Sigma: 195
8 6 2   	8 6 -2
4 -2 -10   	4 -2 10
-7 11 -5   	7 -11 -5

PBV: 137   Sigma: 15
8 6 2   	8 6 -2
4 -2 -10   	-4 2 -10
-7 11 -5   	-7 11 5

PBV: 138   Sigma: 7
12 6 4   	2 0 0
6 -4 -12   	0 14 0
-4 12 -6   	0 0 14

PBV: 139   Sigma: 49
12 6 4   	12 6 4
6 -4 -12   	-6 4 12
-4 12 -6   	4 -12 6

PBV: 140   Sigma: 49
12 6 4   	12 6 4
6 -4 -12   	4 -12 6
-4 12 -6   	6 -4 -12

PBV: 141   Sigma: 49
12 6 4   	12 6 -4
6 -4 -12   	6 -4 12
-4 12 -6   	4 -12 -6

PBV: 142   Sigma: 49
12 6 4   	12 6 -4
6 -4 -12   	-6 4 -12
-4 12 -6   	-4 12 6

PBV: 143   Sigma: 49
12 6 4   	12 6 -4
6 -4 -12   	4 -12 -6
-4 12 -6   	-6 4 -12

PBV: 144   Sigma: 49
12 6 4   	12 6 -4
6 -4 -12   	-4 12 6
-4 12 -6   	6 -4 12

PBV: 145   Sigma: 25
14 2 0   	14 2 0
0 0 2   	0 0 -2
2 -14 0   	-2 14 0

PBV: 146   Sigma: 5
14 2 0   	2 2 0
0 0 2   	0 0 2
2 -14 0   	10 -10 0

PBV: 147   Sigma: 25
10 8 6   	10 8 6
2 -4 2   	-2 4 -2
5 -1 -7   	-5 1 7

PBV: 148   Sigma: 75
10 8 6   	10 8 -6
2 -4 2   	2 -4 -2
5 -1 -7   	-5 1 -7

PBV: 149   Sigma: 3
10 8 6   	10 8 -6
2 -4 2   	-2 4 2
5 -1 -7   	5 -1 7

PBV: 150   Sigma: 5
10 8 6   	2 2 0
2 -4 2   	2 -2 4
5 -1 -7   	5 -5 -5

PBV: 151   Sigma: 15
10 8 6   	2 2 0
2 -4 2   	2 -2 -4
5 -1 -7   	-5 5 -5

PBV: 152   Sigma: 5
7 5 1   	1 1 1
2 -2 -4   	4 -2 -2
-6 10 -8   	0 10 -10

PBV: 153   Sigma: 15
7 5 1   	1 1 1
2 -2 -4   	-4 2 2
-6 10 -8   	0 -10 10

PBV: 154   Sigma: 75
7 5 1   	7 5 1
2 -2 -4   	-2 2 4
-6 10 -8   	6 -10 8

PBV: 155   Sigma: 25
7 5 1   	7 5 -1
2 -2 -4   	2 -2 4
-6 10 -8   	6 -10 -8

PBV: 156   Sigma: 3
7 5 1   	7 5 -1
2 -2 -4   	-2 2 -4
-6 10 -8   	-6 10 8

PBV: 157   Sigma: 15
14 2 0   	8 2 2
0 0 6   	2 -4 -4
2 -14 0   	0 10 -10

PBV: 158   Sigma: 25
4 2 2   	4 2 2
1 -7 5   	1 5 -7
8 -6 -10   	-8 10 6

PBV: 159   Sigma: 75
4 2 2   	4 2 2
1 -7 5   	-1 -5 7
8 -6 -10   	8 -10 -6

PBV: 160   Sigma: 25
14 2 0   	10 8 6
0 0 10   	0 6 -8
2 -14 0   	-10 8 6

PBV: 161   Sigma: 25
14 2 0   	10 8 6
0 0 10   	0 -6 8
2 -14 0   	10 -8 -6

PBV: 162   Sigma: 25
10 8 6   	10 8 -6
0 6 -8   	0 6 8
-10 8 6   	10 -8 6

PBV: 163   Sigma: 25
10 8 6   	10 8 -6
0 6 -8   	0 -6 -8
-10 8 6   	-10 8 -6

PBV: 164   Sigma: 53
14 4 0   	14 4 0
0 0 2   	0 0 -2
4 -14 0   	-4 14 0

PBV: 165   Sigma: 53
2 0 0   	2 0 0
0 14 4   	0 14 -4
0 -4 14   	0 4 14

PBV: 166   Sigma: 27
10 10 4   	10 10 4
2 -2 0   	-2 2 0
1 1 -5   	-1 -1 5

PBV: 167   Sigma: 9
10 10 4   	4 2 2
2 -2 0   	0 2 -2
1 1 -5   	-3 3 3

PBV: 168   Sigma: 3
10 10 4   	4 2 2
2 -2 0   	0 -2 2
1 1 -5   	3 -3 -3

PBV: 169   Sigma: 27
5 1 1   	5 1 1
0 2 -2   	0 -2 2
-4 10 10   	4 -10 -10

PBV: 170   Sigma: 9
5 1 1   	1 1 1
0 2 -2   	2 -2 0
-4 10 10   	6 6 -12

PBV: 171   Sigma: 3
5 1 1   	1 1 1
0 2 -2   	-2 2 0
-4 10 10   	-6 -6 12

PBV: 172   Sigma: 27
14 4 2   	10 10 4
1 -1 -5   	1 1 -5
-2 8 -2   	-6 6 0

PBV: 173   Sigma: 9
14 4 2   	10 10 4
1 -1 -5   	-1 -1 5
-2 8 -2   	6 -6 0

PBV: 174   Sigma: 27
14 4 2   	14 4 2
1 -1 -5   	-1 1 5
-2 8 -2   	2 -8 2

PBV: 175   Sigma: 9
14 4 2   	14 4 -2
1 -1 -5   	1 -1 5
-2 8 -2   	2 -8 -2

PBV: 176   Sigma: 27
14 4 2   	14 4 -2
1 -1 -5   	-1 1 -5
-2 8 -2   	-2 8 2

PBV: 177   Sigma: 9
14 4 2   	4 2 2
1 -1 -5   	3 -3 -3
-2 8 -2   	0 6 -6

PBV: 178   Sigma: 3
14 4 2   	4 2 2
1 -1 -5   	-3 3 3
-2 8 -2   	0 -6 6

PBV: 179   Sigma: 27
8 2 2   	8 2 2
1 -5 1   	1 1 -5
4 -2 -14   	-4 14 2

PBV: 180   Sigma: 27
8 2 2   	8 2 2
1 -5 1   	-1 -1 5
4 -2 -14   	4 -14 -2

PBV: 181   Sigma: 27
8 2 2   	2 2 0
1 -5 1   	1 -1 -5
4 -2 -14   	-10 10 -4

PBV: 182   Sigma: 27
2 2 0   	2 2 0
1 -1 5   	1 -1 -5
10 -10 -4   	-10 10 -4

PBV: 183   Sigma: 27
5 1 1   	5 1 1
2 -8 -2   	2 -2 -8
2 4 -14   	-2 14 -4

PBV: 184   Sigma: 9
5 1 1   	5 1 1
2 -8 -2   	-2 2 8
2 4 -14   	2 -14 4

PBV: 185   Sigma: 15
7 5 1   	5 1 1
6 -10 8   	0 10 -10
6 -6 -12   	-4 10 10

PBV: 186   Sigma: 45
7 5 1   	5 1 1
6 -10 8   	0 -10 10
6 -6 -12   	4 -10 -10

PBV: 187   Sigma: 29
14 6 0   	14 6 0
0 0 2   	0 0 -2
6 -14 0   	-6 14 0

PBV: 188   Sigma: 61
12 10 0   	12 10 0
0 0 2   	0 0 -2
10 -12 0   	-10 12 0

PBV: 189   Sigma: 61
2 0 0   	2 0 0
0 12 10   	0 12 -10
0 -10 12   	0 10 12

PBV: 190   Sigma: 65
16 2 0   	16 2 0
0 0 2   	0 0 -2
2 -16 0   	-2 16 0

PBV: 191   Sigma: 13
16 2 0   	14 8 0
0 0 2   	0 0 2
2 -16 0   	8 -14 0

PBV: 192   Sigma: 5
16 2 0   	14 8 0
0 0 2   	0 0 -2
2 -16 0   	-8 14 0

PBV: 193   Sigma: 65
14 8 0   	14 8 0
0 0 2   	0 0 -2
8 -14 0   	-8 14 0

PBV: 194   Sigma: 65
12 10 4   	12 10 4
2 0 -6   	-2 0 6
-6 8 -2   	6 -8 2

PBV: 195   Sigma: 13
12 10 4   	12 10 -4
2 0 -6   	2 0 6
-6 8 -2   	6 -8 -2

PBV: 196   Sigma: 5
12 10 4   	12 10 -4
2 0 -6   	-2 0 -6
-6 8 -2   	-6 8 2

PBV: 197   Sigma: 65
8 6 2   	8 6 -2
0 2 -6   	0 2 6
-10 12 4   	10 -12 4

PBV: 198   Sigma: 5
8 6 2   	8 6 -2
0 2 -6   	0 -2 -6
-10 12 4   	-10 12 -4

PBV: 199   Sigma: 65
6 2 0   	6 2 0
2 -6 8   	2 -6 -8
4 -12 -10   	-4 12 -10

PBV: 200   Sigma: 13
6 2 0   	6 2 0
2 -6 8   	-2 6 8
4 -12 -10   	4 -12 10

PBV: 201   Sigma: 65
2 0 0   	2 0 0
0 16 2   	0 16 -2
0 -2 16   	0 2 16

PBV: 202   Sigma: 65
2 0 0   	2 0 0
0 14 8   	0 14 -8
0 -8 14   	0 8 14

PBV: 203   Sigma: 33
14 8 2   	14 8 2
1 -1 -3   	-1 1 3
-2 4 -2   	2 -4 2

PBV: 204   Sigma: 3
14 8 2   	14 8 -2
1 -1 -3   	1 -1 3
-2 4 -2   	2 -4 -2

PBV: 205   Sigma: 11
14 8 2   	14 8 -2
1 -1 -3   	-1 1 -3
-2 4 -2   	-2 4 2

PBV: 206   Sigma: 33
16 2 2   	16 2 2
0 2 -2   	0 -2 2
-2 8 8   	2 -8 -8

PBV: 207   Sigma: 11
16 2 2   	10 10 8
0 2 -2   	2 -2 0
-2 8 8   	4 4 -10

PBV: 208   Sigma: 3
16 2 2   	10 10 8
0 2 -2   	-2 2 0
-2 8 8   	-4 -4 10

PBV: 209   Sigma: 33
10 10 8   	10 10 8
2 -2 0   	-2 2 0
4 4 -10   	-4 -4 10

PBV: 210   Sigma: 33
8 8 2   	8 8 2
2 -2 0   	-2 2 0
2 2 -16   	-2 -2 16

PBV: 211   Sigma: 11
10 4 4   	8 8 2
0 2 -2   	2 -2 0
-8 10 10   	2 2 -16

PBV: 212   Sigma: 3
10 4 4   	8 8 2
0 2 -2   	-2 2 0
-8 10 10   	-2 -2 16

PBV: 213   Sigma: 33
10 4 4   	10 4 4
0 2 -2   	0 -2 2
-8 10 10   	8 -10 -10

PBV: 214   Sigma: 33
4 2 2   	4 2 2
1 -3 1   	1 1 -3
8 -2 -14   	-8 14 2

PBV: 215   Sigma: 11
4 2 2   	4 2 2
1 -3 1   	-1 -1 3
8 -2 -14   	8 -14 -2

PBV: 216   Sigma: 33
3 1 1   	3 1 1
2 -4 -2   	2 -2 -4
2 8 -14   	-2 14 -8

PBV: 217   Sigma: 3
3 1 1   	3 1 1
2 -4 -2   	-2 2 4
2 8 -14   	2 -14 8

PBV: 218   Sigma: 33
2 2 0   	2 2 0
8 -8 2   	8 -8 -2
2 -2 -16   	-2 2 -16

PBV: 219   Sigma: 33
2 2 0   	2 2 0
4 -4 10   	4 -4 -10
10 -10 -8   	-10 10 -8

PBV: 220   Sigma: 35
12 10 6   	12 10 6
2 0 -4   	-2 0 4
-4 6 -2   	4 -6 2

PBV: 221   Sigma: 7
12 10 6   	12 10 -6
2 0 -4   	2 0 4
-4 6 -2   	4 -6 -2

PBV: 222   Sigma: 5
12 10 6   	12 10 -6
2 0 -4   	-2 0 -4
-4 6 -2   	-4 6 2

PBV: 223   Sigma: 35
6 4 2   	6 4 -2
0 2 -4   	0 2 4
-10 12 6   	10 -12 6

PBV: 224   Sigma: 5
6 4 2   	6 4 -2
0 2 -4   	0 -2 -4
-10 12 6   	-10 12 -6

PBV: 225   Sigma: 35
4 2 0   	4 2 0
2 -4 6   	2 -4 -6
6 -12 -10   	-6 12 -10

PBV: 226   Sigma: 7
4 2 0   	4 2 0
2 -4 6   	-2 4 6
6 -12 -10   	6 -12 10

PBV: 227   Sigma: 73
16 6 0   	16 6 0
0 0 2   	0 0 -2
6 -16 0   	-6 16 0

PBV: 228   Sigma: 73
2 0 0   	2 0 0
0 16 6   	0 16 -6
0 -6 16   	0 6 16

PBV: 229   Sigma: 37
14 10 0   	14 10 0
0 0 2   	0 0 -2
10 -14 0   	-10 14 0

PBV: 230   Sigma: 77
12 10 8   	12 10 8
2 4 -8   	-2 -4 8
-8 8 2   	8 -8 -2

PBV: 231   Sigma: 33
12 10 8   	12 10 -8
2 4 -8   	2 4 8
-8 8 2   	8 -8 2

PBV: 232   Sigma: 21
12 10 8   	12 10 -8
2 4 -8   	-2 -4 -8
-8 8 2   	-8 8 -2

PBV: 233   Sigma: 7
16 6 4   	12 10 8
2 -8 4   	2 4 -8
4 -4 -10   	-8 8 2

PBV: 234   Sigma: 11
16 6 4   	12 10 8
2 -8 4   	-2 -4 8
4 -4 -10   	8 -8 -2

PBV: 235   Sigma: 231
16 6 4   	12 10 -8
2 -8 4   	2 4 8
4 -4 -10   	8 -8 2

PBV: 236   Sigma: 3
16 6 4   	12 10 -8
2 -8 4   	-2 -4 -8
4 -4 -10   	-8 8 -2

PBV: 237   Sigma: 77
16 6 4   	16 6 4
2 -8 4   	-2 8 -4
4 -4 -10   	-4 4 10

PBV: 238   Sigma: 33
16 6 4   	16 6 -4
2 -8 4   	2 -8 -4
4 -4 -10   	-4 4 -10

PBV: 239   Sigma: 21
16 6 4   	16 6 -4
2 -8 4   	-2 8 4
4 -4 -10   	4 -4 10

PBV: 240   Sigma: 77
10 4 4   	10 4 4
4 -8 -2   	4 -2 -8
4 6 -16   	-4 16 -6

PBV: 241   Sigma: 21
10 4 4   	10 4 4
4 -8 -2   	-4 2 8
4 6 -16   	4 -16 6

PBV: 242   Sigma: 7
10 4 4   	8 8 2
4 -8 -2   	2 -4 8
4 6 -16   	12 -10 -8

PBV: 243   Sigma: 231
10 4 4   	8 8 2
4 -8 -2   	-2 4 -8
4 6 -16   	-12 10 8

PBV: 244   Sigma: 21
8 8 2   	8 8 2
4 -2 -8   	2 -4 8
-10 12 -8   	12 -10 -8

PBV: 245   Sigma: 77
8 8 2   	8 8 2
4 -2 -8   	-2 4 -8
-10 12 -8   	-12 10 8

PBV: 246   Sigma: 77
8 4 2   	8 4 -2
4 -10 4   	4 -10 -4
6 -4 -16   	-6 4 -16

PBV: 247   Sigma: 33
8 4 2   	8 4 -2
4 -10 4   	-4 10 4
6 -4 -16   	6 -4 16

PBV: 248   Sigma: 231
8 4 2   	8 4 2
4 -10 4   	2 -8 8
6 -4 -16   	8 -10 -12

PBV: 249   Sigma: 11
8 4 2   	8 4 2
4 -10 4   	-2 8 -8
6 -4 -16   	-8 10 12

PBV: 250   Sigma: 77
8 4 2   	8 4 -2
2 -8 8   	2 -8 -8
8 -10 -12   	-8 10 -12

PBV: 251   Sigma: 33
8 4 2   	8 4 -2
2 -8 8   	-2 8 8
8 -10 -12   	8 -10 12

PBV: 252   Sigma: 39
14 10 4   	14 10 4
1 -1 -1   	-1 1 1
-2 6 -8   	2 -6 8

PBV: 253   Sigma: 13
14 10 4   	14 10 -4
1 -1 -1   	1 -1 1
-2 6 -8   	2 -6 -8

PBV: 254   Sigma: 3
14 10 4   	14 10 -4
1 -1 -1   	-1 1 -1
-2 6 -8   	-2 6 8

PBV: 255   Sigma: 39
8 6 2   	8 6 -2
1 -1 -1   	1 -1 1
-4 10 -14   	4 -10 -14

PBV: 256   Sigma: 3
8 6 2   	8 6 -2
1 -1 -1   	-1 1 -1
-4 10 -14   	-4 10 14

PBV: 257   Sigma: 39
1 1 1   	1 1 1
8 -6 -2   	8 -2 -6
4 10 -14   	-4 14 -10

PBV: 258   Sigma: 13
1 1 1   	1 1 1
8 -6 -2   	-8 2 6
4 10 -14   	4 -14 10

PBV: 259   Sigma: 323
17 5 3   	17 5 3
0 6 -10   	0 -6 10
-4 10 6   	4 -10 -6

PBV: 260   Sigma: 19
17 5 3   	17 5 -3
0 6 -10   	0 6 10
-4 10 6   	4 -10 6

PBV: 261   Sigma: 17
17 5 3   	17 5 -3
0 6 -10   	0 -6 -10
-4 10 6   	-4 10 -6

PBV: 262   Sigma: 323
10 6 4   	10 6 -4
6 -10 0   	6 -10 0
5 3 -17   	-5 -3 -17

PBV: 263   Sigma: 17
10 6 4   	10 6 -4
6 -10 0   	-6 10 0
5 3 -17   	5 3 17

PBV: 264   Sigma: 323
10 6 0   	10 6 0
6 -10 4   	6 -10 -4
3 -5 -17   	-3 5 -17

PBV: 265   Sigma: 19
10 6 0   	10 6 0
6 -10 4   	-6 10 4
3 -5 -17   	3 -5 17

PBV: 266   Sigma: 9
14 8 8   	2 0 0
8 -16 2   	0 18 0
8 2 -16   	0 0 18

PBV: 267   Sigma: 81
14 8 8   	14 8 8
8 -16 2   	-8 16 -2
8 2 -16   	-8 -2 16

PBV: 268   Sigma: 81
14 8 8   	14 8 8
8 -16 2   	8 2 -16
8 2 -16   	-8 16 -2

PBV: 269   Sigma: 3
14 8 8   	4 4 2
8 -16 2   	12 -6 -12
8 2 -16   	-6 12 -12

PBV: 270   Sigma: 27
14 8 8   	4 4 2
8 -16 2   	-12 6 12
8 2 -16   	6 -12 12

PBV: 271   Sigma: 27
14 8 8   	4 4 2
8 -16 2   	6 -12 12
8 2 -16   	12 -6 -12

PBV: 272   Sigma: 9
16 8 2   	2 0 0
2 -8 16   	0 18 0
8 -14 -8   	0 0 18

PBV: 273   Sigma: 81
16 8 2   	14 8 8
2 -8 16   	8 -16 2
8 -14 -8   	8 2 -16

PBV: 274   Sigma: 9
16 8 2   	14 8 8
2 -8 16   	-8 16 -2
8 -14 -8   	-8 -2 16

PBV: 275   Sigma: 81
16 8 2   	14 8 8
2 -8 16   	8 2 -16
8 -14 -8   	-8 16 -2

PBV: 276   Sigma: 81
16 8 2   	14 8 8
2 -8 16   	-8 -2 16
8 -14 -8   	8 -16 2

PBV: 277   Sigma: 81
16 8 2   	16 8 2
2 -8 16   	-2 8 -16
8 -14 -8   	-8 14 8

PBV: 278   Sigma: 81
16 8 2   	16 8 -2
2 -8 16   	2 -8 -16
8 -14 -8   	-8 14 -8

PBV: 279   Sigma: 81
16 8 2   	16 8 -2
2 -8 16   	-2 8 16
8 -14 -8   	8 -14 8

PBV: 280   Sigma: 81
16 8 2   	16 8 2
2 -8 16   	8 -14 -8
8 -14 -8   	-2 8 -16

PBV: 281   Sigma: 9
16 8 2   	16 8 -2
2 -8 16   	8 -14 8
8 -14 -8   	2 -8 -16

PBV: 282   Sigma: 81
16 8 2   	16 8 -2
2 -8 16   	-8 14 -8
8 -14 -8   	-2 8 16

PBV: 283   Sigma: 27
16 8 2   	4 4 2
2 -8 16   	12 -6 -12
8 -14 -8   	-6 12 -12

PBV: 284   Sigma: 3
16 8 2   	4 4 2
2 -8 16   	-12 6 12
8 -14 -8   	6 -12 12

PBV: 285   Sigma: 27
16 8 2   	4 4 2
2 -8 16   	6 -12 12
8 -14 -8   	12 -6 -12

PBV: 286   Sigma: 27
16 8 2   	4 4 2
2 -8 16   	-6 12 -12
8 -14 -8   	-12 6 12

PBV: 287   Sigma: 41
18 2 0   	18 2 0
0 0 2   	0 0 -2
2 -18 0   	-2 18 0

PBV: 288   Sigma: 41
16 6 6   	16 6 6
0 2 -2   	0 -2 2
-6 8 8   	6 -8 -8

PBV: 289   Sigma: 41
8 8 6   	8 8 6
2 -2 0   	-2 2 0
6 6 -16   	-6 -6 16

PBV: 290   Sigma: 41
2 2 0   	2 2 0
8 -8 6   	8 -8 -6
6 -6 -16   	-6 6 -16

PBV: 291   Sigma: 85
18 4 0   	18 4 0
0 0 2   	0 0 -2
4 -18 0   	-4 18 0

PBV: 292   Sigma: 17
18 4 0   	14 12 0
0 0 2   	0 0 2
4 -18 0   	12 -14 0

PBV: 293   Sigma: 5
18 4 0   	14 12 0
0 0 2   	0 0 -2
4 -18 0   	-12 14 0

PBV: 294   Sigma: 85
14 12 0   	14 12 0
0 0 2   	0 0 -2
12 -14 0   	-12 14 0

PBV: 295   Sigma: 85
2 0 0   	2 0 0
0 18 4   	0 18 -4
0 -4 18   	0 4 18

PBV: 296   Sigma: 85
2 0 0   	2 0 0
0 14 12   	0 14 -12
0 -12 14   	0 12 14

PBV: 297   Sigma: 43
12 10 10   	12 10 10
0 2 -2   	0 -2 2
-5 3 3   	5 -3 -3

PBV: 298   Sigma: 43
5 3 3   	5 3 3
0 2 -2   	0 -2 2
-12 10 10   	12 -10 -10

PBV: 299   Sigma: 43
2 2 0   	2 2 0
3 -3 5   	3 -3 -5
10 -10 -12   	-10 10 -12

PBV: 300   Sigma: 89
16 10 0   	16 10 0
0 0 2   	0 0 -2
10 -16 0   	-10 16 0

PBV: 301   Sigma: 89
2 0 0   	2 0 0
0 16 10   	0 16 -10
0 -10 16   	0 10 16

PBV: 302   Sigma: 15
14 10 8   	6 2 0
4 -4 -2   	0 0 6
2 10 -16   	6 -18 0

PBV: 303   Sigma: 3
14 10 8   	6 2 0
4 -4 -2   	0 0 -6
2 10 -16   	-6 18 0

PBV: 304   Sigma: 45
14 10 8   	14 10 8
4 -4 -2   	-4 4 2
2 10 -16   	-2 -10 16

PBV: 305   Sigma: 45
14 10 8   	14 10 -8
4 -4 -2   	4 -4 2
2 10 -16   	-2 -10 -16

PBV: 306   Sigma: 9
14 10 8   	14 10 -8
4 -4 -2   	-4 4 -2
2 10 -16   	2 10 16

PBV: 307   Sigma: 15
16 10 2   	6 2 0
2 -4 4   	0 0 6
8 -10 -14   	6 -18 0

PBV: 308   Sigma: 3
16 10 2   	6 2 0
2 -4 4   	0 0 -6
8 -10 -14   	-6 18 0

PBV: 309   Sigma: 9
16 10 2   	14 10 8
2 -4 4   	4 -4 -2
8 -10 -14   	2 10 -16

PBV: 310   Sigma: 45
16 10 2   	14 10 8
2 -4 4   	-4 4 2
8 -10 -14   	-2 -10 16

PBV: 311   Sigma: 5
16 10 2   	14 10 -8
2 -4 4   	4 -4 2
8 -10 -14   	-2 -10 -16

PBV: 312   Sigma: 9
16 10 2   	14 10 -8
2 -4 4   	-4 4 -2
8 -10 -14   	2 10 16

PBV: 313   Sigma: 45
16 10 2   	16 10 2
2 -4 4   	-2 4 -4
8 -10 -14   	-8 10 14

PBV: 314   Sigma: 45
16 10 2   	16 10 -2
2 -4 4   	2 -4 -4
8 -10 -14   	-8 10 -14

PBV: 315   Sigma: 9
16 10 2   	16 10 -2
2 -4 4   	-2 4 4
8 -10 -14   	8 -10 14

PBV: 316   Sigma: 315
16 10 2   	16 10 -2
4 -6 -2   	4 -6 2
-1 5 -17   	1 -5 -17

PBV: 317   Sigma: 7
16 10 2   	16 10 -2
4 -6 -2   	-4 6 -2
-1 5 -17   	-1 5 17

PBV: 318   Sigma: 21
16 10 2   	6 2 0
4 -6 -2   	2 -6 -4
-1 5 -17   	-3 9 -15

PBV: 319   Sigma: 105
16 10 2   	6 2 0
4 -6 -2   	-2 6 4
-1 5 -17   	3 -9 15

PBV: 320   Sigma: 63
16 10 2   	14 10 8
4 -6 -2   	2 -6 4
-1 5 -17   	11 -5 -13

PBV: 321   Sigma: 35
16 10 2   	14 10 8
4 -6 -2   	-2 6 -4
-1 5 -17   	-11 5 13

PBV: 322   Sigma: 105
14 10 8   	6 2 0
2 -6 4   	2 -6 4
11 -5 -13   	3 -9 -15

PBV: 323   Sigma: 21
14 10 8   	6 2 0
2 -6 4   	-2 6 -4
11 -5 -13   	-3 9 15

PBV: 324   Sigma: 315
14 10 8   	14 10 -8
2 -6 4   	2 -6 -4
11 -5 -13   	-11 5 -13

PBV: 325   Sigma: 7
14 10 8   	14 10 -8
2 -6 4   	-2 6 4
11 -5 -13   	11 -5 13

PBV: 326   Sigma: 21
17 5 1   	5 3 1
2 -6 -4   	4 -6 -2
-2 10 -16   	0 6 -18

PBV: 327   Sigma: 15
17 5 1   	5 3 1
2 -6 -4   	-4 6 2
-2 10 -16   	0 -6 18

PBV: 328   Sigma: 105
17 5 1   	5 3 -1
2 -6 -4   	4 -6 2
-2 10 -16   	0 -6 -18

PBV: 329   Sigma: 3
17 5 1   	5 3 -1
2 -6 -4   	-4 6 -2
-2 10 -16   	0 6 18

PBV: 330   Sigma: 315
17 5 1   	17 5 1
2 -6 -4   	-2 6 4
-2 10 -16   	2 -10 16

PBV: 331   Sigma: 45
17 5 1   	17 5 -1
2 -6 -4   	2 -6 4
-2 10 -16   	2 -10 -16

PBV: 332   Sigma: 7
17 5 1   	17 5 -1
2 -6 -4   	-2 6 -4
-2 10 -16   	-2 10 16

PBV: 333   Sigma: 9
17 5 1   	13 11 5
2 -6 -4   	4 -2 -6
-2 10 -16   	-8 14 -10

PBV: 334   Sigma: 35
17 5 1   	13 11 5
2 -6 -4   	-4 2 6
-2 10 -16   	8 -14 10

PBV: 335   Sigma: 5
17 5 1   	13 11 -5
2 -6 -4   	4 -2 6
-2 10 -16   	8 -14 -10

PBV: 336   Sigma: 63
17 5 1   	13 11 -5
2 -6 -4   	-4 2 -6
-2 10 -16   	-8 14 10

PBV: 337   Sigma: 21
13 11 5   	5 3 1
4 -2 -6   	4 -6 -2
-8 14 -10   	0 6 -18

PBV: 338   Sigma: 15
13 11 5   	5 3 1
4 -2 -6   	-4 6 2
-8 14 -10   	0 -6 18

PBV: 339   Sigma: 105
13 11 5   	5 3 -1
4 -2 -6   	4 -6 2
-8 14 -10   	0 -6 -18

PBV: 340   Sigma: 3
13 11 5   	5 3 -1
4 -2 -6   	-4 6 -2
-8 14 -10   	0 6 18

PBV: 341   Sigma: 315
13 11 5   	13 11 5
4 -2 -6   	-4 2 6
-8 14 -10   	8 -14 10

PBV: 342   Sigma: 45
13 11 5   	13 11 -5
4 -2 -6   	4 -2 6
-8 14 -10   	8 -14 -10

PBV: 343   Sigma: 7
13 11 5   	13 11 -5
4 -2 -6   	-4 2 -6
-8 14 -10   	-8 14 10

PBV: 344   Sigma: 45
6 4 2   	6 4 -2
5 1 -17   	5 1 17
-10 16 -2   	10 -16 -2

PBV: 345   Sigma: 315
6 4 2   	6 4 -2
5 1 -17   	-5 -1 -17
-10 16 -2   	-10 16 2

PBV: 346   Sigma: 105
6 4 2   	6 4 2
5 1 -17   	9 -15 3
-10 16 -2   	6 0 -18

PBV: 347   Sigma: 15
6 4 2   	6 4 2
5 1 -17   	-9 15 -3
-10 16 -2   	-6 0 18

PBV: 348   Sigma: 9
6 4 2   	6 4 2
5 1 -17   	5 -13 11
-10 16 -2   	10 -8 -14

PBV: 349   Sigma: 63
6 4 2   	6 4 2
5 1 -17   	-5 13 -11
-10 16 -2   	-10 8 14

PBV: 350   Sigma: 105
6 4 2   	6 4 2
6 0 -18   	10 -8 -14
-9 15 -3   	-5 13 -11

PBV: 351   Sigma: 15
6 4 2   	6 4 2
6 0 -18   	-10 8 14
-9 15 -3   	5 -13 11

PBV: 352   Sigma: 45
6 4 2   	6 4 -2
5 -13 11   	5 -13 -11
10 -8 -14   	-10 8 -14

PBV: 353   Sigma: 315
6 4 2   	6 4 -2
5 -13 11   	-5 13 11
10 -8 -14   	10 -8 14

PBV: 354   Sigma: 93
16 10 4   	16 10 4
2 -4 2   	-2 4 -2
6 -4 -14   	-6 4 14

PBV: 355   Sigma: 31
16 10 4   	16 10 -4
2 -4 2   	2 -4 -2
6 -4 -14   	-6 4 -14

PBV: 356   Sigma: 3
16 10 4   	16 10 -4
2 -4 2   	-2 4 2
6 -4 -14   	6 -4 14

PBV: 357   Sigma: 31
14 6 4   	14 6 4
2 -2 -4   	-2 2 4
-4 16 -10   	4 -16 10

PBV: 358   Sigma: 93
14 6 4   	14 6 -4
2 -2 -4   	2 -2 4
-4 16 -10   	4 -16 -10

PBV: 359   Sigma: 3
14 6 4   	14 6 -4
2 -2 -4   	-2 2 -4
-4 16 -10   	-4 16 10

PBV: 360   Sigma: 93
4 2 2   	4 2 2
4 -14 6   	4 6 -14
10 -4 -16   	-10 16 4

PBV: 361   Sigma: 31
4 2 2   	4 2 2
4 -14 6   	-4 -6 14
10 -4 -16   	10 -16 -4

PBV: 362   Sigma: 47
18 6 4   	18 6 4
2 -6 0   	-2 6 0
3 1 -15   	-3 -1 15

PBV: 363   Sigma: 235
18 6 4   	18 6 -4
2 -6 0   	2 -6 0
3 1 -15   	-3 -1 -15

PBV: 364   Sigma: 5
18 6 4   	18 6 -4
2 -6 0   	-2 6 0
3 1 -15   	3 1 15

PBV: 365   Sigma: 235
15 3 1   	15 3 1
0 2 -6   	0 -2 6
-4 18 6   	4 -18 -6

PBV: 366   Sigma: 47
15 3 1   	15 3 -1
0 2 -6   	0 2 6
-4 18 6   	4 -18 6

PBV: 367   Sigma: 5
15 3 1   	15 3 -1
0 2 -6   	0 -2 -6
-4 18 6   	-4 18 -6

PBV: 368   Sigma: 47
6 2 0   	6 2 0
1 -3 15   	1 -3 -15
6 -18 -4   	-6 18 -4

PBV: 369   Sigma: 235
6 2 0   	6 2 0
1 -3 15   	-1 3 15
6 -18 -4   	6 -18 4

PBV: 370   Sigma: 387
19 5 1   	19 5 1
2 -8 2   	-2 8 -2
2 -4 -18   	-2 4 18

PBV: 371   Sigma: 43
19 5 1   	19 5 -1
2 -8 2   	2 -8 -2
2 -4 -18   	-2 4 -18

PBV: 372   Sigma: 9
19 5 1   	19 5 -1
2 -8 2   	-2 8 2
2 -4 -18   	2 -4 18

PBV: 373   Sigma: 3
19 5 1   	5 3 3
2 -8 2   	0 6 -6
2 -4 -18   	-12 10 10

PBV: 374   Sigma: 129
19 5 1   	5 3 3
2 -8 2   	0 -6 6
2 -4 -18   	12 -10 -10

PBV: 375   Sigma: 43
18 4 2   	18 4 2
2 -8 -2   	-2 8 2
1 5 -19   	-1 -5 19

PBV: 376   Sigma: 387
18 4 2   	18 4 -2
2 -8 -2   	2 -8 2
1 5 -19   	-1 -5 -19

PBV: 377   Sigma: 9
18 4 2   	18 4 -2
2 -8 -2   	-2 8 -2
1 5 -19   	1 5 19

PBV: 378   Sigma: 129
18 4 2   	12 10 10
2 -8 -2   	0 6 -6
1 5 -19   	-15 9 9

PBV: 379   Sigma: 3
18 4 2   	12 10 10
2 -8 -2   	0 -6 6
1 5 -19   	15 -9 -9

PBV: 380   Sigma: 387
8 2 2   	8 2 2
4 -18 2   	4 2 -18
5 -1 -19   	-5 19 1

PBV: 381   Sigma: 43
8 2 2   	8 2 2
4 -18 2   	-4 -2 18
5 -1 -19   	5 -19 -1

PBV: 382   Sigma: 129
8 2 2   	2 2 0
4 -18 2   	10 -10 12
5 -1 -19   	9 -9 -15

PBV: 383   Sigma: 97
18 8 0   	18 8 0
0 0 2   	0 0 -2
8 -18 0   	-8 18 0

PBV: 384   Sigma: 97
2 0 0   	2 0 0
0 18 8   	0 18 -8
0 -8 18   	0 8 18

PBV: 385   Sigma: 49
18 8 2   	18 8 2
2 -4 -2   	-2 4 2
-1 5 -11   	1 -5 11

PBV: 386   Sigma: 147
18 8 2   	18 8 -2
2 -4 -2   	2 -4 2
-1 5 -11   	1 -5 -11

PBV: 387   Sigma: 3
18 8 2   	18 8 -2
2 -4 -2   	-2 4 -2
-1 5 -11   	-1 5 11

PBV: 388   Sigma: 21
18 8 2   	2 2 0
2 -4 -2   	2 -2 4
-1 5 -11   	7 -7 -7

PBV: 389   Sigma: 7
18 8 2   	2 2 0
2 -4 -2   	2 -2 -4
-1 5 -11   	-7 7 -7

PBV: 390   Sigma: 7
11 5 1   	1 1 1
2 -4 -2   	4 -2 -2
-2 8 -18   	0 14 -14

PBV: 391   Sigma: 21
11 5 1   	1 1 1
2 -4 -2   	-4 2 2
-2 8 -18   	0 -14 14

PBV: 392   Sigma: 147
11 5 1   	11 5 1
2 -4 -2   	-2 4 2
-2 8 -18   	2 -8 18

PBV: 393   Sigma: 49
11 5 1   	11 5 -1
2 -4 -2   	2 -4 2
-2 8 -18   	2 -8 -18

PBV: 394   Sigma: 3
11 5 1   	11 5 -1
2 -4 -2   	-2 4 -2
-2 8 -18   	-2 8 18

PBV: 395   Sigma: 49
4 2 2   	4 2 2
5 -11 1   	5 1 -11
8 2 -18   	-8 18 -2

PBV: 396   Sigma: 147
4 2 2   	4 2 2
5 -11 1   	-5 -1 11
8 2 -18   	8 -18 2

PBV: 397   Sigma: 7
16 10 6   	2 2 0
6 -12 4   	0 0 14
8 -2 -18   	14 -14 0

PBV: 398   Sigma: 49
16 10 6   	16 10 6
6 -12 4   	-6 12 -4
8 -2 -18   	-8 2 18

PBV: 399   Sigma: 49
16 10 6   	16 10 -6
6 -12 4   	6 -12 -4
8 -2 -18   	-8 2 -18

PBV: 400   Sigma: 49
16 10 6   	16 10 -6
6 -12 4   	-6 12 4
8 -2 -18   	8 -2 18

PBV: 401   Sigma: 49
18 8 2   	16 10 6
4 -6 -12   	6 -12 4
-6 16 -10   	8 -2 -18

PBV: 402   Sigma: 49
18 8 2   	16 10 6
4 -6 -12   	-6 12 -4
-6 16 -10   	-8 2 18

PBV: 403   Sigma: 49
18 8 2   	16 10 -6
4 -6 -12   	6 -12 -4
-6 16 -10   	-8 2 -18

PBV: 404   Sigma: 49
18 8 2   	16 10 -6
4 -6 -12   	-6 12 4
-6 16 -10   	8 -2 18

PBV: 405   Sigma: 49
18 8 2   	18 8 -2
4 -6 -12   	4 -6 12
-6 16 -10   	6 -16 -10

PBV: 406   Sigma: 49
18 8 2   	18 8 -2
4 -6 -12   	-4 6 -12
-6 16 -10   	-6 16 10

PBV: 407   Sigma: 63
11 5 1   	5 1 1
6 -12 -6   	4 -10 -10
-2 8 -18   	0 14 -14

PBV: 408   Sigma: 21
11 5 1   	5 1 1
6 -12 -6   	-4 10 10
-2 8 -18   	0 -14 14

end